-1.061 +0.154 -0.000 -0.1697
-1.061 +0.154 -0.000 -0.1697
-1.061 +0.154 -0.000 -0.1697
-1.061 +0.154 -0.000 -0.1697
-1.061 +0.154 -0.000 -0.1697
-1.061 +0.154 -0.000 -0.1697
-1.061 +0.154 -0.000 -0.1697
-1.061 +0.154 -0.000 -0.1697
-1.061 +0.154 -0.000 -0.1697
-1.061 +0.154 -0.000 -0.1697
-1.061 +0.154 -0.000 -0.1697
-1.061 +0.154 -0.000 -0.1697
-1.061 +0.154 -0.000 -0.1697
-1.061 +0.154 -0.000 -0.1697
-1.061 +0.154 -0.000 -0.1697
-1.061 +0.154 -0.000 -0.1697
-1.061 +0.154 -0.000 -0.1697
-1.061 +0.154 -0.000 -0.1697
-1.061 +0.154 -0.000 -0.1697
-1.061 +0.154 -0.000 -0.1697
-1.061 +0.154 -0.000 -0.1697
-1.061 +0.154 -0.000 -0.1697
-1.061 +0.154 -0.000 -0.1697
-1.061 +0.154 -0.000 -0.1697
-1.061 +0.154 -0.000 -0.1697
-1.061 +0.154 -0.000 -0.1697
-1.061 +0.154 -0.000 -0.1697
-1.061 +0.154 -0.000 -0.1697
-1.061 +0.154 -0.000 -0.1697
-1.061 +0.154 -0.000 -0.1697
-1.061 +0.154 -0.000 -0.1697
-1.061 +0.154 -0.000 -0.1697
-1.061 +0.154 -0.000 -0.1697
-1.061 +0.154 -0.000 -0.1697
-1.061 +0.154 -0.000 -0.1697
-1.061 +0.154 -0.000 -0.1697
-1.061 +0.154 -0.000 -0.1697
-1.061 +0.154 -0.000 -0.1697
-1.061 +0.154 -0.000 -0.1697
-1.061 +0.154 -0.000 -0.1697
-1.061 +0.154 -0.000 -0.1697
-1.061 +0.154 -0.000 -0.1697
-1.061 +0.154 -0.000 -0.1697
-1.061 +0.154 -0.000 -0.1697
-1.061 +0.154 -0.000 -0.1697
-1.061 +0.154 -0.000 -0.1697
-1.061 +0.154 -0.000 -0.1697
-1.061 +0.154 -0.000 -0.1697
-1.061 +0.154 -0.000 -0.1697
-1.061 +0.154 -0.000 -0.1697
-1.061 +0.154 -0.000 -0.1697
-1.061 +0.154 -0.000 -0.1697
-1.061 +0.154 -0.000 -0.1697
-1.061 +0.154 -0.000 -0.1697
-1.061 +0.154 -0.000 -0.1697
-1.061 +0.154 -0.000 -0.1697
-1.061 +0.154 -0.000 -0.1697
-1.061 +0.154 -0.000 -0.1697
-1.061 +0.154 -0.000 -0.1697
-1.061 +0.154 -0.000 -0.1697
-1.061 +0.154 -0.000 -0.1697
-1.061 +0.154 -0.000 -0.1697
-1.061 +0.154 -0.000 -0.1697
-1.061 +0.154 -0.000 -0.1697
-1.061 +0.154 -0.000 -0.1697
-1.061 +0.154 -0.000 -0.1697
-1.061 +0.154 -0.000 -0.1697
-1.061 +0.154 -0.000 -0.1697
-1.061 +0.154 -0.000 -0.1697
-1.061 +0.154 -0.000 -0.1697
-1.061 +0.154 -0.000 -0.1697
-1.061 +0.154 -0.000 -0.1697
-1.061 +0.154 -0.000 -0.1697
-1.061 +0.154 -0.000 -0.1697
-1.061 +0.154 -0.000 -0.1697
-1.061 +0.154 -0.000 -0.1697
-1.061 +0.154 -0.000 -0.1697
-1.061 +0.154 -0.000 -0.1697
-1.061 +0.154 -0.000 -0.1697
-1.061 +0.154 -0.000 -0.1697
-1.061 +0.154 -0.000 -0.1697
-1.061 +0.154 -0.000 -0.1697
-1.061 +0.154 -0.000 -0.1697
-1.061 +0.154 +0.000 -0.1697
-1.061 +0.154 -0.000 -0.1697
-1.061 +0.154 -0.000 -0.1697
-1.061 +0.154 -0.000 -0.1697
-1.061 +0.154 -0.000 -0.1697
-1.061 +0.154 -0.000 -0.1697
-1.061 +0.154 -0.000 -0.1697
-1.061 +0.154 -0.000 -0.1697
-1.061 +0.154 -0.000 -0.1697
-1.061 +0.154 -0.000 -0.1697
-1.061 +0.154 -0.000 -0.1697
-1.061 +0.154 -0.000 -0.1697
-1.061 +0.154 -0.000 -0.1697
-1.061 +0.154 -0.000 -0.1697
-1.061 +0.154 -0.000 -0.1697
-1.061 +0.154 -0.000 -0.1697
-1.061 +0.154 -0.000 -0.1697
-1.061 +0.154 -0.000 -0.1697
-1.061 +0.154 -0.000 -0.1697
-1.061 +0.154 -0.000 -0.1697
-1.061 +0.154 -0.000 -0.1697
-1.061 +0.154 -0.000 -0.1697
-1.061 +0.154 -0.000 -0.1697
-1.061 +0.154 -0.000 -0.1697
-1.061 +0.154 -0.000 -0.1697
-1.061 +0.154 -0.000 -0.1697
-1.061 +0.154 -0.000 -0.1697
-1.061 +0.154 -0.000 -0.1697
-1.061 +0.154 -0.000 -0.1697
-1.061 +0.154 -0.000 -0.1697
-1.061 +0.154 -0.000 -0.1697
-1.061 +0.154 -0.000 -0.1697
-1.061 +0.154 -0.000 -0.1697
-1.061 +0.154 -0.000 -0.1697
-1.061 +0.154 -0.000 -0.1697
-1.061 +0.154 -0.000 -0.1697
-1.061 +0.154 -0.000 -0.1697
-1.061 +0.154 -0.000 -0.1697
-1.061 +0.154 -0.000 -0.1697
-1.061 +0.154 -0.000 -0.1697
-1.061 +0.154 -0.000 -0.1697
-1.061 +0.154 -0.000 -0.1697
-1.061 +0.154 -0.000 -0.1697
-1.061 +0.154 -0.000 -0.1697
-1.061 +0.154 -0.000 -0.1697
-1.061 +0.154 -0.000 -0.1697
-1.061 +0.154 -0.000 -0.1697
-1.061 +0.154 -0.000 -0.1697
-1.061 +0.154 -0.000 -0.1697
-1.061 +0.154 -0.000 -0.1697
-1.061 +0.154 -0.000 -0.1697
-1.061 +0.154 -0.000 -0.1697
-1.061 +0.154 -0.000 -0.1697
-1.061 +0.154 -0.000 -0.1697
-1.061 +0.154 -0.000 -0.1697
-1.061 +0.154 -0.000 -0.1697
-1.061 +0.154 -0.000 -0.1697
-1.061 +0.154 -0.000 -0.1697
-1.061 +0.154 -0.000 -0.1697
-1.061 +0.154 -0.000 -0.1697
-1.061 +0.154 -0.000 -0.1697
-1.061 +0.154 -0.000 -0.1697
-1.061 +0.154 -0.000 -0.1697
-1.061 +0.154 -0.000 -0.1697
-1.061 +0.154 -0.000 -0.1697
-1.061 +0.154 -0.000 -0.1697
-1.061 +0.154 -0.000 -0.1697
-1.061 +0.154 -0.000 -0.1697
-1.061 +0.154 -0.000 -0.1697
-1.061 +0.154 -0.000 -0.1697
-1.061 +0.154 -0.000 -0.1697
-1.061 +0.154 -0.000 -0.1697
-1.061 +0.154 -0.000 -0.1697
-1.061 +0.154 -0.000 -0.1697
-1.061 +0.154 -0.000 -0.1697
-1.061 +0.154 -0.000 -0.1697
-1.061 +0.154 -0.000 -0.1697
-1.061 +0.154 -0.000 -0.1697
-1.061 +0.154 -0.000 -0.1697
-1.061 +0.154 -0.000 -0.1697
-1.061 +0.154 -0.000 -0.1697
-1.061 +0.154 -0.000 -0.1697
-1.061 +0.154 -0.000 -0.1697
-1.061 +0.154 -0.000 -0.1697
-1.061 +0.154 -0.000 -0.1697
-1.061 +0.154 -0.000 -0.1704
-1.055 +0.153 -0.000 -0.1681
-1.038 +0.151 -0.000 -0.1673
-1.017 +0.147 -0.000 -0.1689
-1.007 +0.145 -0.000 -0.1661
-0.982 +0.141 -0.000 -0.1657
-0.961 +0.138 -0.000 -0.1625
-0.949 +0.136 -0.000 -0.1604
-0.923 +0.131 -0.000 -0.1612
-0.923 +0.131 -0.000 -0.1612
-0.885 +0.125 -0.000 -0.1664
-0.864 +0.122 -0.000 -0.1656
-0.843 +0.118 -0.000 -0.1660
-0.825 +0.115 -0.000 -0.1657
-0.804 +0.112 -0.000 -0.1644
-0.785 +0.108 -0.000 -0.1620
-0.785 +0.108 -0.000 -0.1620
-0.745 +0.102 -0.000 -0.1637
-0.725 +0.099 -0.000 -0.1651
-0.725 +0.099 -0.000 -0.1651
-0.715 +0.097 -0.000 -0.1650
-0.674 +0.090 -0.000 -0.1651
-0.665 +0.089 -0.000 -0.1658
-0.645 +0.085 -0.000 -0.1642
-0.633 +0.083 -0.000 -0.1646
-0.626 +0.082 -0.000 -0.1640
-0.626 +0.082 -0.000 -0.1640
-0.598 +0.078 -0.000 -0.1620
-0.591 +0.076 -0.000 -0.1628
-0.575 +0.074 +0.000 -0.1608
-0.564 +0.072 -0.000 -0.1607
-0.560 +0.071 -0.000 -0.1591
-0.546 +0.069 -0.000 -0.1599
-0.533 +0.067 -0.000 -0.1595
-0.533 +0.067 -0.000 -0.1595
-0.511 +0.063 -0.000 -0.1614
-0.511 +0.063 -0.000 -0.1614
-0.489 +0.061 -0.000 -0.1613
-0.459 +0.084 +0.000 -0.1599
-0.452 +0.083 +0.000 -0.1615
-0.452 +0.083 +0.000 -0.1615
-0.424 +0.078 +0.000 -0.1608
-0.417 +0.077 -0.000 -0.1621
-0.417 +0.077 -0.000 -0.1621
-0.390 +0.072 +0.000 -0.1605
-0.380 +0.071 -0.000 -0.1615
-0.380 +0.071 -0.000 -0.1615
-0.355 +0.067 +0.000 -0.1611
-0.345 +0.065 +0.000 -0.1615
-0.334 +0.063 +0.000 -0.1615
-0.334 +0.063 +0.000 -0.1615
-0.311 +0.060 +0.000 -0.1622
-0.299 +0.058 -0.000 -0.1614
-0.292 +0.057 -0.000 -0.1602
-0.276 +0.054 +0.000 -0.1588
-0.276 +0.054 +0.000 -0.1588
-0.252 +0.050 +0.000 -0.1604
-0.242 +0.048 +0.000 -0.1592
-0.230 +0.046 +0.000 -0.1596
-0.223 +0.045 +0.000 -0.1604
-0.213 +0.020 +0.000 -0.1587
-0.201 +0.018 +0.000 -0.1574
-0.197 +0.018 -0.000 -0.1578
-0.195 +0.017 +0.000 -0.1578
-0.195 +0.017 +0.000 -0.1578
-0.195 +0.017 +0.000 -0.1578
-0.195 +0.017 +0.000 -0.1578
-0.195 +0.017 +0.000 -0.1578
-0.195 +0.017 +0.000 -0.1578
-0.195 +0.017 +0.000 -0.1578
-0.195 +0.017 +0.000 -0.1578
-0.195 +0.017 +0.000 -0.1578
-0.195 +0.017 +0.000 -0.1578
-0.195 +0.017 +0.000 -0.1578
-0.195 +0.017 +0.000 -0.1578
-0.195 +0.017 +0.000 -0.1578
-0.195 +0.017 +0.000 -0.1578
-0.195 +0.017 +0.000 -0.1578
-0.195 +0.017 +0.000 -0.1578
-0.195 +0.017 +0.000 -0.1578
-0.195 +0.017 +0.000 -0.1578
-0.195 +0.017 +0.000 -0.1578
-0.195 +0.017 +0.000 -0.1578
-0.195 +0.017 +0.000 -0.1578
-0.195 +0.017 +0.000 -0.1578
-0.195 +0.017 +0.000 -0.1578
-0.195 +0.017 +0.000 -0.1578
-0.195 +0.017 +0.000 -0.1578
-0.195 +0.017 +0.000 -0.1578
-0.195 +0.017 +0.000 -0.1578
-0.195 +0.017 +0.000 -0.1578
-0.195 +0.017 +0.000 -0.1578
-0.195 +0.017 +0.000 -0.1578
-0.195 +0.017 +0.000 -0.1578
-0.195 +0.017 +0.000 -0.1578
-0.195 +0.017 +0.000 -0.1578
-0.195 +0.017 +0.000 -0.1578
-0.195 +0.017 +0.000 -0.1578
-0.195 +0.017 +0.000 -0.1578
-0.195 +0.017 +0.000 -0.1578
-0.195 +0.017 +0.000 -0.1578
-0.195 +0.017 +0.000 -0.1578
-0.195 +0.017 +0.000 -0.1578
-0.195 +0.017 +0.000 -0.1578
-0.195 +0.017 +0.000 -0.1578
-0.195 +0.017 +0.000 -0.1578
-0.195 +0.017 +0.000 -0.1578
-0.195 +0.017 +0.000 -0.1578
-0.195 +0.017 +0.000 -0.1578
-0.195 +0.017 +0.000 -0.1578
-0.195 +0.017 +0.000 -0.1578
-0.195 +0.017 +0.000 -0.1578
-0.195 +0.017 +0.000 -0.1578
-0.195 +0.017 +0.000 -0.1578
-0.195 +0.017 +0.000 -0.1578
-0.195 +0.017 +0.000 -0.1578
-0.195 +0.017 +0.000 -0.1578
-0.195 +0.017 -0.000 -0.1578
-0.195 +0.017 +0.000 -0.1578
-0.195 +0.017 +0.000 -0.1578
-0.195 +0.017 +0.000 -0.1578
-0.195 +0.017 +0.000 -0.1578
-0.195 +0.017 +0.000 -0.1578
-0.195 +0.017 +0.000 -0.1578
-0.195 +0.017 +0.000 -0.1578
-0.195 +0.017 +0.000 -0.1578
-0.195 +0.017 +0.000 -0.1578
-0.195 +0.017 +0.000 -0.1578
-0.195 +0.017 +0.000 -0.1578
-0.195 +0.017 +0.000 -0.1578
-0.195 +0.017 +0.000 -0.1578
-0.195 +0.017 +0.000 -0.1578
-0.195 +0.017 +0.000 -0.1578
-0.195 +0.017 +0.000 -0.1578
-0.195 +0.017 +0.000 -0.1578
-0.195 +0.017 +0.000 -0.1578
-0.195 +0.017 +0.000 -0.1578
-0.195 +0.017 +0.000 -0.1578
-0.195 +0.017 +0.000 -0.1578
-0.195 +0.017 +0.000 -0.1578
-0.195 +0.017 +0.000 -0.1578
-0.195 +0.017 +0.000 -0.1578
-0.195 +0.017 +0.000 -0.1578
-0.195 +0.017 +0.000 -0.1578
-0.195 +0.017 +0.000 -0.1578
-0.195 +0.017 +0.000 -0.1578
-0.195 +0.017 +0.000 -0.1578
-0.195 +0.017 +0.000 -0.1578
-0.195 +0.017 +0.000 -0.1578
-0.195 +0.017 +0.000 -0.1578
-0.195 +0.017 +0.000 -0.1578
-0.195 +0.017 +0.000 -0.1578
-0.195 +0.017 +0.000 -0.1578
-0.195 +0.017 +0.000 -0.1578
-0.195 +0.017 +0.000 -0.1578
-0.195 +0.017 +0.000 -0.1578
-0.195 +0.017 +0.000 -0.1578
-0.195 +0.017 +0.000 -0.1578
-0.195 +0.017 +0.000 -0.1578
-0.195 +0.017 +0.000 -0.1578
-0.195 +0.017 +0.000 -0.1578
-0.195 +0.017 +0.000 -0.1578
-0.195 +0.017 +0.000 -0.1578
-0.195 +0.017 +0.000 -0.1578
-0.195 +0.017 +0.000 -0.1578
-0.195 +0.017 +0.000 -0.1578
-0.195 +0.017 +0.000 -0.1578
-0.195 +0.017 +0.000 -0.1578
-0.195 +0.017 +0.000 -0.1578
-0.195 +0.017 +0.000 -0.1578
-0.195 +0.017 +0.000 -0.1578
-0.195 +0.017 +0.000 -0.1578
-0.195 +0.017 +0.000 -0.1578
-0.195 +0.017 +0.000 -0.1578
-0.195 +0.017 +0.000 -0.1578
-0.195 +0.017 +0.000 -0.1578
-0.195 +0.017 +0.000 -0.1578
-0.195 +0.017 +0.000 -0.1578
-0.195 +0.017 +0.000 -0.1578
-0.195 +0.017 +0.000 -0.1578
-0.195 +0.017 +0.000 -0.1578
-0.195 +0.017 +0.000 -0.1578
-0.195 +0.017 +0.000 -0.1578
-0.195 +0.017 +0.000 -0.1578
-0.195 +0.017 +0.000 -0.1578
-0.195 +0.017 +0.000 -0.1578
-0.195 +0.017 +0.000 -0.1578
-0.195 +0.017 +0.000 -0.1578
-0.195 +0.017 +0.000 -0.1578
-0.195 +0.017 +0.000 -0.1578
-0.195 +0.017 +0.000 -0.1578
-0.195 +0.017 +0.000 -0.1578
-0.195 +0.017 +0.000 -0.1578
-0.195 +0.017 +0.000 -0.1578
-0.195 +0.017 +0.000 -0.1578
-0.195 +0.017 +0.000 -0.1578
-0.195 +0.017 +0.000 -0.1578
-0.195 +0.017 +0.000 -0.1578
-0.195 +0.017 +0.000 -0.1578
-0.195 +0.017 +0.000 -0.1578
-0.195 +0.017 +0.000 -0.1578
-0.195 +0.017 +0.000 -0.1578
-0.195 +0.017 +0.000 -0.1578
-0.195 +0.017 +0.000 -0.1578
-0.195 +0.017 +0.000 -0.1578
-0.195 +0.017 +0.000 -0.1578
-0.195 +0.017 +0.000 -0.1578
-0.195 +0.017 +0.000 -0.1578
-0.195 +0.017 +0.000 -0.1578
-0.195 +0.017 +0.000 -0.1578
-0.195 +0.017 +0.000 -0.1578
-0.195 +0.017 +0.000 -0.1578
-0.195 +0.017 +0.000 -0.1578
-0.195 +0.017 +0.000 -0.1578
-0.195 +0.017 +0.000 -0.1578
-0.195 +0.017 +0.000 -0.1578
-0.195 +0.017 +0.000 -0.1578
-0.195 +0.017 +0.000 -0.1578
-0.195 +0.017 +0.000 -0.1578
-0.195 +0.017 +0.000 -0.1578
-0.195 +0.017 +0.000 -0.1578
-0.195 +0.017 +0.000 -0.1578
-0.195 +0.017 +0.000 -0.1578
-0.195 +0.017 +0.000 -0.1578
-0.195 +0.017 +0.000 -0.1578
-0.195 +0.017 +0.000 -0.1578
-0.195 +0.017 +0.000 -0.1578
-0.195 +0.017 +0.000 -0.1578
-0.195 +0.017 +0.000 -0.1578
-0.195 +0.017 +0.000 -0.1578
-0.195 +0.017 +0.000 -0.1578
-0.195 +0.017 +0.000 -0.1578
-0.195 +0.017 +0.000 -0.1578
-0.195 +0.017 +0.000 -0.1578
-0.195 +0.017 +0.000 -0.1578
-0.195 +0.017 +0.000 -0.1578
-0.195 +0.017 +0.000 -0.1578
-0.195 +0.017 +0.000 -0.1578
-0.195 +0.017 +0.000 -0.1578
-0.195 +0.017 +0.000 -0.1578
-0.195 +0.017 +0.000 -0.1578
-0.195 +0.017 +0.000 -0.1578
-0.195 +0.017 +0.000 -0.1578
-0.195 +0.017 +0.000 -0.1578
-0.195 +0.017 +0.000 -0.1578
-0.195 +0.017 +0.000 -0.1578
-0.195 +0.017 +0.000 -0.1578
-0.195 +0.017 +0.000 -0.1578
-0.195 +0.017 +0.000 -0.1578
-0.195 +0.017 +0.000 -0.1578
-0.195 +0.017 +0.000 -0.1578
-0.195 +0.017 +0.000 -0.1578
-0.195 +0.017 +0.000 -0.1578
-0.195 +0.017 +0.000 -0.1578
-0.195 +0.017 +0.000 -0.1578
-0.195 +0.017 +0.000 -0.1578
-0.195 +0.017 +0.000 -0.1578
-0.195 +0.017 +0.000 -0.1578
-0.195 +0.017 +0.000 -0.1578
-0.195 +0.017 +0.000 -0.1578
-0.195 +0.017 +0.000 -0.1578
-0.195 +0.017 +0.000 -0.1578
-0.195 +0.017 +0.000 -0.1578
-0.195 +0.017 +0.000 -0.1578
-0.195 +0.017 +0.000 -0.1578
-0.195 +0.017 +0.000 -0.1578
-0.195 +0.017 +0.000 -0.1578
-0.195 +0.017 +0.000 -0.1578
-0.195 +0.017 +0.000 -0.1578
-0.195 +0.017 +0.000 -0.1578
-0.195 +0.017 +0.000 -0.1578
-0.195 +0.017 +0.000 -0.1578
-0.195 +0.017 +0.000 -0.1578
-0.195 +0.017 +0.000 -0.1578
-0.195 +0.017 +0.000 -0.1578
-0.195 +0.017 +0.000 -0.1578
-0.195 +0.017 +0.000 -0.1578
-0.195 +0.017 +0.000 -0.1578
-0.195 +0.017 +0.000 -0.1578
-0.195 +0.017 +0.000 -0.1578
-0.195 +0.017 +0.000 -0.1578
-0.195 +0.017 +0.000 -0.1578
-0.195 +0.017 +0.000 -0.1578
-0.195 +0.017 +0.000 -0.1578
-0.195 +0.017 +0.000 -0.1578
-0.195 +0.017 +0.000 -0.1578
-0.195 +0.017 +0.000 -0.1578
-0.195 +0.017 +0.000 -0.1578
-0.195 +0.017 +0.000 -0.1578
-0.195 +0.017 +0.000 -0.1578
-0.195 +0.017 +0.000 -0.1578
-0.195 +0.017 +0.000 -0.1578
-0.195 +0.017 +0.000 -0.1578
-0.195 +0.017 +0.000 -0.1578
-0.195 +0.017 +0.000 -0.1578
-0.195 +0.017 +0.000 -0.1578
-0.195 +0.017 +0.000 -0.1578
-0.195 +0.017 +0.000 -0.1578
-0.195 +0.017 +0.000 -0.1578
-0.195 +0.017 +0.000 -0.1578
-0.195 +0.017 +0.000 -0.1578
-0.195 +0.017 +0.000 -0.1578
-0.195 +0.017 +0.000 -0.1578
-0.195 +0.017 +0.000 -0.1578
-0.195 +0.017 +0.000 -0.1578
-0.195 +0.017 +0.000 -0.1578
-0.195 +0.017 +0.000 -0.1578
-0.195 +0.017 +0.000 -0.1578
-0.195 +0.017 +0.000 -0.1578
-0.195 +0.017 +0.000 -0.1578
-0.195 +0.017 +0.000 -0.1578
-0.195 +0.017 +0.000 -0.1578
-0.195 +0.017 +0.000 -0.1578
-0.195 +0.017 +0.000 -0.1578
-0.195 +0.017 +0.000 -0.1578
-0.195 +0.017 +0.000 -0.1578
-0.195 +0.017 +0.000 -0.1578
-0.195 +0.017 +0.000 -0.1578
-0.195 +0.017 +0.000 -0.1578
-0.195 +0.017 +0.000 -0.1578
-0.195 +0.017 +0.000 -0.1578
-0.195 +0.017 +0.000 -0.1578
-0.195 +0.017 +0.000 -0.1578
-0.195 +0.017 +0.000 -0.1578
-0.195 +0.017 +0.000 -0.1578
-0.195 +0.017 +0.000 -0.1578
-0.195 +0.017 +0.000 -0.1578
-0.195 +0.017 +0.000 -0.1578
-0.195 +0.017 +0.000 -0.1578
-0.195 +0.017 +0.000 -0.1578
-0.195 +0.017 +0.000 -0.1578
-0.195 +0.017 +0.000 -0.1578
-0.195 +0.017 +0.000 -0.1578
-0.195 +0.017 +0.000 -0.1578
-0.195 +0.017 +0.000 -0.1578
-0.195 +0.017 +0.000 -0.1578
-0.195 +0.017 +0.000 -0.1578
-0.195 +0.017 +0.000 -0.1578
-0.195 +0.017 +0.000 -0.1578
-0.195 +0.017 +0.000 -0.1578
-0.195 +0.017 +0.000 -0.1578
-0.195 +0.017 +0.000 -0.1578
-0.195 +0.017 +0.000 -0.1578
-0.195 +0.017 +0.000 -0.1578
-0.195 +0.017 +0.000 -0.1578
-0.195 +0.017 +0.000 -0.1578
-0.195 +0.017 +0.000 -0.1578
-0.195 +0.017 +0.000 -0.1578
-0.195 +0.017 +0.000 -0.1578
-0.195 +0.017 +0.000 -0.1578
-0.195 +0.017 +0.000 -0.1578
-0.195 +0.017 +0.000 -0.1578
-0.195 +0.017 +0.000 -0.1578
-0.195 +0.017 +0.000 -0.1578
-0.195 +0.017 +0.000 -0.1578
-0.195 +0.017 +0.000 -0.1578
-0.195 +0.017 +0.000 -0.1578
-0.195 +0.017 +0.000 -0.1578
-0.195 +0.017 +0.000 -0.1578
-0.195 +0.017 +0.000 -0.1578
-0.195 +0.017 +0.000 -0.1578
-0.195 +0.017 +0.000 -0.1578
-0.195 +0.017 +0.000 -0.1578
-0.195 +0.017 +0.000 -0.1578
-0.195 +0.017 +0.000 -0.1578
-0.195 +0.017 +0.000 -0.1578
-0.195 +0.017 +0.000 -0.1578
-0.195 +0.017 +0.000 -0.1578
-0.195 +0.017 +0.000 -0.1578
-0.195 +0.017 +0.000 -0.1578
-0.195 +0.017 +0.000 -0.1578
-0.195 +0.017 +0.000 -0.1578
-0.195 +0.017 +0.000 -0.1578
-0.195 +0.017 +0.000 -0.1578
-0.195 +0.017 +0.000 -0.1578
-0.195 +0.017 +0.000 -0.1578
-0.195 +0.017 +0.000 -0.1578
-0.195 +0.017 +0.000 -0.1578
-0.195 +0.017 +0.000 -0.1578
-0.195 +0.017 +0.000 -0.1578
-0.195 +0.017 +0.000 -0.1578
-0.195 +0.017 +0.000 -0.1578
-0.195 +0.017 +0.000 -0.1578
-0.195 +0.017 +0.000 -0.1578
-0.195 +0.017 +0.000 -0.1578
-0.195 +0.017 +0.000 -0.1578
-0.195 +0.017 +0.000 -0.1578
-0.195 +0.017 +0.000 -0.1578
-0.195 +0.017 +0.000 -0.1578
-0.195 +0.017 +0.000 -0.1578
-0.195 +0.017 +0.000 -0.1578
-0.195 +0.017 +0.000 -0.1578
-0.195 +0.017 +0.000 -0.1578
-0.195 +0.017 +0.000 -0.1578
-0.195 +0.017 +0.000 -0.1578
-0.195 +0.017 +0.000 -0.1578
-0.195 +0.017 +0.000 -0.1578
-0.195 +0.017 +0.000 -0.1578
-0.195 +0.017 +0.000 -0.1578
-0.195 +0.017 -0.000 -0.1578
-0.195 +0.017 +0.000 -0.1578
-0.195 +0.017 +0.000 -0.1578
-0.195 +0.017 +0.000 -0.1578
-0.195 +0.017 +0.000 -0.1578
-0.195 +0.017 +0.000 -0.1578
-0.195 +0.017 +0.000 -0.1578
-0.195 +0.017 +0.000 -0.1578
-0.195 +0.017 +0.000 -0.1578
-0.195 +0.017 +0.000 -0.1578
-0.195 +0.017 +0.000 -0.1578
-0.195 +0.017 +0.000 -0.1578
-0.195 +0.017 +0.000 -0.1578
-0.195 +0.017 +0.000 -0.1578
-0.195 +0.017 -0.000 -0.1578
-0.195 +0.017 +0.000 -0.1578
-0.195 +0.017 +0.000 -0.1578
-0.195 +0.017 +0.000 -0.1578
-0.195 +0.017 +0.000 -0.1578
-0.195 +0.017 +0.000 -0.1578
-0.195 +0.017 +0.000 -0.1578
-0.195 +0.017 +0.000 -0.1578
-0.195 +0.017 +0.000 -0.1578
-0.195 +0.017 +0.000 -0.1578
-0.195 +0.017 +0.000 -0.1578
-0.195 +0.017 +0.000 -0.1578
-0.195 +0.017 +0.000 -0.1578
-0.195 +0.017 +0.000 -0.1578
-0.195 +0.017 +0.000 -0.1578
-0.195 +0.017 +0.000 -0.1578
-0.195 +0.017 +0.000 -0.1578
-0.195 +0.017 +0.000 -0.1578
-0.195 +0.017 +0.000 -0.1578
-0.195 +0.017 +0.000 -0.1578
-0.195 +0.017 +0.000 -0.1578
-0.195 +0.017 +0.000 -0.1578
-0.195 +0.017 +0.000 -0.1578
-0.195 +0.017 +0.000 -0.1578
-0.195 +0.017 +0.000 -0.1578
-0.195 +0.017 +0.000 -0.1578
-0.195 +0.017 +0.000 -0.1578
-0.195 +0.017 +0.000 -0.1578
-0.195 +0.017 +0.000 -0.1578
-0.195 +0.017 +0.000 -0.1578
-0.195 +0.017 +0.000 -0.1578
-0.195 +0.017 +0.000 -0.1578
-0.195 +0.017 +0.000 -0.1578
-0.195 +0.017 +0.000 -0.1578
-0.195 +0.017 +0.000 -0.1578
-0.195 +0.017 +0.000 -0.1578
-0.195 +0.017 +0.000 -0.1578
-0.195 +0.017 +0.000 -0.1578
-0.195 +0.017 +0.000 -0.1578
-0.195 +0.017 +0.000 -0.1578
-0.195 +0.017 +0.000 -0.1578
-0.195 +0.017 +0.000 -0.1578
-0.195 +0.017 +0.000 -0.1578
-0.195 +0.017 +0.000 -0.1578
-0.195 +0.017 +0.000 -0.1578
-0.195 +0.017 +0.000 -0.1578
-0.195 +0.017 +0.000 -0.1578
-0.195 +0.017 +0.000 -0.1578
-0.195 +0.017 +0.000 -0.1578
-0.195 +0.017 +0.000 -0.1578
-0.195 +0.017 +0.000 -0.1578
-0.195 +0.017 +0.000 -0.1578
-0.195 +0.017 +0.000 -0.1578
-0.195 +0.017 +0.000 -0.1578
-0.195 +0.017 +0.000 -0.1578
-0.195 +0.017 +0.000 -0.1578
-0.195 +0.017 +0.000 -0.1578
-0.195 +0.017 +0.000 -0.1578
-0.195 +0.017 +0.000 -0.1578
-0.195 +0.017 +0.000 -0.1578
-0.195 +0.017 +0.000 -0.1578
-0.195 +0.017 +0.000 -0.1578
-0.195 +0.017 +0.000 -0.1578
-0.195 +0.017 +0.000 -0.1578
-0.195 +0.017 +0.000 -0.1578
-0.195 +0.017 +0.000 -0.1578
-0.195 +0.017 +0.000 -0.1578
-0.195 +0.017 +0.000 -0.1578
-0.195 +0.017 +0.000 -0.1578
-0.195 +0.017 +0.000 -0.1578
-0.195 +0.017 +0.000 -0.1578
-0.195 +0.017 +0.000 -0.1578
-0.195 +0.017 +0.000 -0.1578
-0.195 +0.017 +0.000 -0.1578
-0.195 +0.017 +0.000 -0.1578
-0.195 +0.017 +0.000 -0.1578
-0.195 +0.017 +0.000 -0.1578
-0.195 +0.017 +0.000 -0.1578
-0.195 +0.017 +0.000 -0.1578
-0.195 +0.017 +0.000 -0.1578
-0.195 +0.017 +0.000 -0.1578
-0.195 +0.017 +0.000 -0.1578
-0.195 +0.017 +0.000 -0.1578
-0.195 +0.017 +0.000 -0.1578
-0.195 +0.017 +0.000 -0.1578
-0.195 +0.017 +0.000 -0.1578
-0.195 +0.017 +0.000 -0.1578
-0.195 +0.017 +0.000 -0.1578
-0.195 +0.017 +0.000 -0.1578
-0.195 +0.017 +0.000 -0.1578
-0.195 +0.017 +0.000 -0.1578
-0.195 +0.017 +0.000 -0.1578
-0.195 +0.017 +0.000 -0.1578
-0.195 +0.017 +0.000 -0.1578
-0.195 +0.017 +0.000 -0.1578
-0.195 +0.017 +0.000 -0.1578
-0.195 +0.017 +0.000 -0.1578
-0.195 +0.017 +0.000 -0.1578
-0.195 +0.017 +0.000 -0.1578
-0.195 +0.017 +0.000 -0.1578
-0.195 +0.017 +0.000 -0.1578
-0.195 +0.017 +0.000 -0.1578
-0.195 +0.017 +0.000 -0.1578
-0.195 +0.017 +0.000 -0.1578
-0.195 +0.017 -0.000 -0.1590
-0.186 +0.016 -0.000 -0.1575
-0.177 +0.014 -0.000 -0.1575
-0.168 +0.013 +0.000 -0.1544
-0.156 +0.011 +0.000 -0.1555
-0.145 +0.009 -0.000 -0.1566
-0.138 +0.008 -0.000 -0.1566
-0.122 +0.006 +0.000 -0.1566
-0.112 +0.004 +0.000 -0.1570
-0.101 +0.002 +0.000 -0.1561
-0.089 +0.000 +0.000 -0.1576
-0.082 -0.001 +0.000 -0.1580
-0.066 -0.003 +0.000 -0.1592
-0.054 -0.005 -0.000 -0.1620
-0.047 -0.006 +0.000 -0.1604
-0.031 -0.009 +0.000 -0.1599
-0.020 -0.011 +0.000 -0.1587
-0.013 -0.012 +0.000 -0.1571
+0.003 -0.014 +0.000 -0.1575
+0.015 -0.016 -0.000 -0.1559
+0.026 -0.018 +0.000 -0.1543
+0.037 -0.001 -0.000 -0.1522
+0.050 +0.003 +0.000 -0.1513
+0.059 +0.001 +0.000 -0.1533
+0.068 +0.000 +0.000 -0.1557
+0.084 -0.002 +0.000 -0.1581
+0.084 -0.002 +0.000 -0.1581
+0.106 -0.006 +0.000 -0.1564
+0.106 -0.006 +0.000 -0.1564
+0.129 -0.010 +0.000 -0.1573
+0.140 -0.011 +0.000 -0.1569
+0.153 -0.013 +0.000 -0.1583
+0.163 -0.015 +0.000 -0.1568
+0.172 -0.016 -0.000 -0.1548
+0.188 -0.019 +0.000 -0.1560
+0.196 -0.020 +0.000 -0.1540
+0.210 -0.022 -0.000 -0.1536
+0.221 -0.024 -0.000 -0.1528
+0.221 -0.024 -0.000 -0.1528
+0.244 -0.028 +0.000 -0.1522
+0.257 -0.030 +0.000 -0.1502
+0.264 -0.031 +0.000 -0.1512
+0.279 -0.033 +0.000 -0.1521
+0.280 -0.022 +0.000 -0.1481
+0.287 -0.023 +0.000 -0.1509
+0.302 -0.025 +0.000 -0.1485
+0.314 -0.027 +0.000 -0.1497
+0.328 -0.029 +0.000 -0.1511
+0.328 -0.029 +0.000 -0.1511
+0.349 -0.032 +0.000 -0.1496
+0.356 -0.033 +0.000 -0.1484
+0.371 -0.035 -0.000 -0.1489
+0.378 -0.036 -0.000 -0.1481
+0.394 -0.039 +0.000 -0.1489
+0.406 -0.041 +0.000 -0.1497
+0.413 -0.042 +0.000 -0.1468
+0.428 -0.044 +0.000 -0.1487
+0.428 -0.044 +0.000 -0.1487
+0.440 -0.046 -0.000 -0.1495
+0.463 -0.049 +0.000 -0.1512
+0.475 -0.051 +0.000 -0.1504
+0.482 -0.052 +0.000 -0.1504
+0.498 -0.054 +0.000 -0.1500
+0.509 -0.056 +0.000 -0.1496
+0.523 -0.056 +0.000 -0.1506
+0.544 -0.050 +0.000 -0.1509
+0.556 -0.052 +0.000 -0.1505
+0.567 -0.054 +0.000 -0.1493
+0.567 -0.054 +0.000 -0.1493
+0.579 -0.056 +0.000 -0.1476
+0.602 -0.059 +0.000 -0.1466
+0.602 -0.059 +0.000 -0.1466
+0.626 -0.063 +0.000 -0.1467
+0.635 -0.064 +0.000 -0.1436
+0.635 -0.064 +0.000 -0.1436
+0.660 -0.068 +0.000 -0.1431
+0.667 -0.069 +0.000 -0.1427
+0.667 -0.069 +0.000 -0.1427
+0.695 -0.073 +0.000 -0.1426
+0.706 -0.074 +0.000 -0.1419
+0.718 -0.076 +0.000 -0.1415
+0.730 -0.077 +0.000 -0.1415
+0.740 -0.079 +0.000 -0.1431
+0.752 -0.081 +0.000 -0.1423
+0.764 -0.082 +0.000 -0.1406
+0.775 -0.084 +0.000 -0.1395
+0.787 -0.086 +0.000 -0.1365
+0.796 -0.087 +0.000 -0.1315
+0.796 -0.087 +0.000 -0.1315
+0.807 -0.089 +0.000 -0.1303
+0.826 -0.091 -0.000 -0.1313
+0.842 -0.093 -0.000 -0.1293
+0.854 -0.095 +0.000 -0.1310
+0.854 -0.095 +0.000 -0.1310
+0.877 -0.098 -0.000 -0.1322
+0.888 -0.099 -0.000 -0.1339
+0.898 -0.101 -0.000 -0.1332
+0.898 -0.101 -0.000 -0.1332
+0.920 -0.104 -0.000 -0.1343
+0.920 -0.104 -0.000 -0.1343
+0.946 -0.107 -0.000 -0.1367
+0.955 -0.108 +0.000 -0.1366
+0.969 -0.110 -0.000 -0.1354
+0.981 -0.112 -0.000 -0.1350
+0.988 -0.113 +0.000 -0.1350
+0.988 -0.113 +0.000 -0.1350
+1.015 -0.117 -0.000 -0.1325
+1.015 -0.117 -0.000 -0.1325
+1.045 -0.098 -0.000 -0.1246
+1.045 -0.098 -0.000 -0.1246
+1.058 -0.099 +0.000 -0.1250
+1.080 -0.102 -0.000 -0.1251
+1.092 -0.104 -0.000 -0.1246
+1.092 -0.104 -0.000 -0.1246
+1.105 -0.105 -0.000 -0.1250
+1.115 -0.106 -0.000 -0.1255
+1.139 -0.110 -0.000 -0.1247
+1.146 -0.110 -0.000 -0.1215
+1.162 -0.112 -0.000 -0.1227
+1.174 -0.114 -0.000 -0.1219
+1.185 -0.115 -0.000 -0.1199
+1.197 -0.117 +0.000 -0.1199
+1.197 -0.117 +0.000 -0.1199
+1.219 -0.119 -0.000 -0.1195
+1.232 -0.121 -0.000 -0.1178
+1.239 -0.122 -0.000 -0.1186
+1.239 -0.122 -0.000 -0.1186
+1.255 -0.123 +0.000 -0.1182
+1.278 -0.126 -0.000 -0.1214
+1.285 -0.127 -0.000 -0.1210
+1.285 -0.127 -0.000 -0.1210
+1.326 -0.121 -0.000 -0.1155
+1.336 -0.122 +0.000 -0.1155
+1.349 -0.123 +0.000 -0.1155
+1.356 -0.124 +0.000 -0.1155
+1.371 -0.126 +0.000 -0.1151
+1.384 -0.127 +0.000 -0.1147
+1.391 -0.128 +0.000 -0.1131
+1.406 -0.130 +0.000 -0.1127
+1.418 -0.131 +0.000 -0.1137
+1.418 -0.131 +0.000 -0.1137
+1.441 -0.134 +0.000 -0.1132
+1.453 -0.135 +0.000 -0.1128
+1.464 -0.136 -0.000 -0.1131
+1.476 -0.138 +0.000 -0.1127
+1.487 -0.139 +0.000 -0.1114
+1.500 -0.140 -0.000 -0.1097
+1.510 -0.142 +0.000 -0.1096
+1.522 -0.143 +0.000 -0.1116
+1.531 -0.144 +0.000 -0.1123
+1.531 -0.144 +0.000 -0.1123
+1.558 -0.147 +0.000 -0.1135
+1.561 -0.125 +0.000 -0.1109
+1.573 -0.126 +0.000 -0.1101
+1.589 -0.128 +0.000 -0.1093
+1.599 -0.129 -0.000 -0.1084
+1.611 -0.131 -0.000 -0.1085
+1.623 -0.132 +0.000 -0.1068
+1.630 -0.133 +0.000 -0.1052
+1.645 -0.134 +0.000 -0.1071
+1.658 -0.136 +0.000 -0.1063
+1.665 -0.136 +0.000 -0.1063
+1.665 -0.136 +0.000 -0.1063
+1.693 -0.139 -0.000 -0.1073
+1.703 -0.141 +0.000 -0.1072
+1.715 -0.142 -0.000 -0.1069
+1.722 -0.143 +0.000 -0.1085
+1.738 -0.144 +0.000 -0.1086
+1.751 -0.146 +0.000 -0.1067
+1.758 -0.146 +0.000 -0.1067
+1.773 -0.148 -0.000 -0.1059
+1.786 -0.149 +0.000 -0.1033
+1.795 -0.150 +0.000 -0.1036
+1.806 -0.148 -0.000 -0.1011
+1.813 -0.145 +0.000 -0.0983
+1.827 -0.146 +0.000 -0.0975
+1.839 -0.147 +0.000 -0.0972
+1.848 -0.148 +0.000 -0.0959
+1.862 -0.149 +0.000 -0.0972
+1.875 -0.151 +0.000 -0.0968
+1.882 -0.151 +0.000 -0.0980
+1.882 -0.151 +0.000 -0.0980
+1.905 -0.154 -0.000 -0.0956
+1.920 -0.155 +0.000 -0.0966
+1.931 -0.156 +0.000 -0.0987
+1.943 -0.157 -0.000 -0.1003
+1.955 -0.158 +0.000 -0.0994
+1.962 -0.159 +0.000 -0.0999
+1.978 -0.161 +0.000 -0.0970
+1.990 -0.162 +0.000 -0.0966
+1.997 -0.163 +0.000 -0.0962
+1.997 -0.163 +0.000 -0.0962
+2.026 -0.165 -0.000 -0.0954
+2.032 -0.166 +0.000 -0.0960
+2.048 -0.167 -0.000 -0.0940
+2.048 -0.167 -0.000 -0.0940
+2.076 -0.169 -0.000 -0.0968
+2.088 -0.170 +0.000 -0.0964
+2.101 -0.171 +0.000 -0.0956
+2.108 -0.172 -0.000 -0.0942
+2.123 -0.173 -0.000 -0.0963
+2.136 -0.175 +0.000 -0.0951
+2.146 -0.175 +0.000 -0.0939
+2.159 -0.177 +0.000 -0.0939
+2.171 -0.178 +0.000 -0.0915
+2.181 -0.179 +0.000 -0.0914
+2.193 -0.180 +0.000 -0.0890
+2.200 -0.180 +0.000 -0.0898
+2.214 -0.182 +0.000 -0.0884
+2.228 -0.183 -0.000 -0.0876
+2.241 -0.184 -0.000 -0.0877
+2.248 -0.185 +0.000 -0.0892
+2.263 -0.186 +0.000 -0.0880
+2.270 -0.187 -0.000 -0.0885
+2.286 -0.188 +0.000 -0.0883
+2.298 -0.189 +0.000 -0.0888
+2.309 -0.195 +0.000 -0.0908
+2.322 -0.209 +0.000 -0.0950
+2.334 -0.210 +0.000 -0.0976
+2.345 -0.211 +0.000 -0.0979
+2.357 -0.212 -0.000 -0.0967
+2.366 -0.213 -0.000 -0.0964
+2.366 -0.213 -0.000 -0.0964
+2.392 -0.215 -0.000 -0.0970
+2.401 -0.216 +0.000 -0.0961
+2.415 -0.218 +0.000 -0.0952
+2.427 -0.219 +0.000 -0.0951
+2.434 -0.219 +0.000 -0.0954
+2.450 -0.221 -0.000 -0.0955
+2.462 -0.222 +0.000 -0.0964
+2.469 -0.223 +0.000 -0.0980
+2.484 -0.224 +0.000 -0.0985
+2.484 -0.224 +0.000 -0.0985
+2.503 -0.226 +0.000 -0.0981
+2.519 -0.228 +0.000 -0.0969
+2.531 -0.229 -0.000 -0.0970
+2.538 -0.230 -0.000 -0.0977
+2.554 -0.231 +0.000 -0.0993
+2.566 -0.232 +0.000 -0.0977
+2.569 -0.223 +0.000 -0.0891
+2.584 -0.223 +0.000 -0.0870
+2.596 -0.224 +0.000 -0.0870
+2.603 -0.224 +0.000 -0.0862
+2.619 -0.226 +0.000 -0.0871
+2.631 -0.227 +0.000 -0.0874
+2.638 -0.228 +0.000 -0.0879
+2.654 -0.229 +0.000 -0.0862
+2.666 -0.230 +0.000 -0.0862
+2.673 -0.231 -0.000 -0.0870
+2.689 -0.232 +0.000 -0.0868
+2.700 -0.233 -0.000 -0.0859
+2.707 -0.234 +0.000 -0.0862
+2.723 -0.235 +0.000 -0.0862
+2.735 -0.236 +0.000 -0.0878
+2.746 -0.237 +0.000 -0.0873
+2.758 -0.238 +0.000 -0.0881
+2.766 -0.239 +0.000 -0.0881
+2.781 -0.240 -0.000 -0.0869
+2.781 -0.240 -0.000 -0.0869
+2.802 -0.242 +0.000 -0.0853
+2.820 -0.237 +0.000 -0.0843
+2.838 -0.220 +0.000 -0.0841
+2.847 -0.221 -0.000 -0.0849
+2.857 -0.222 +0.000 -0.0882
+2.859 -0.222 +0.000 -0.0882
+2.859 -0.222 +0.000 -0.0882
+2.859 -0.222 +0.000 -0.0882
+2.859 -0.222 +0.000 -0.0882
+2.859 -0.222 +0.000 -0.0882
+2.859 -0.222 +0.000 -0.0882
+2.859 -0.222 +0.000 -0.0882
+2.859 -0.222 +0.000 -0.0882
+2.859 -0.222 +0.000 -0.0882
+2.859 -0.222 +0.000 -0.0882
+2.859 -0.222 +0.000 -0.0882
+2.859 -0.222 +0.000 -0.0882
+2.859 -0.222 +0.000 -0.0882
+2.859 -0.222 +0.000 -0.0882
+2.859 -0.222 +0.000 -0.0882
+2.859 -0.222 +0.000 -0.0882
+2.859 -0.222 +0.000 -0.0882
+2.859 -0.222 +0.000 -0.0882
+2.859 -0.222 +0.000 -0.0882
+2.859 -0.222 +0.000 -0.0882
+2.859 -0.222 +0.000 -0.0882
+2.859 -0.222 +0.000 -0.0882
+2.859 -0.222 +0.000 -0.0882
+2.859 -0.222 +0.000 -0.0882
+2.859 -0.222 +0.000 -0.0882
+2.859 -0.222 +0.000 -0.0882
+2.859 -0.222 +0.000 -0.0882
+2.859 -0.222 +0.000 -0.0882
+2.859 -0.222 +0.000 -0.0882
+2.859 -0.222 +0.000 -0.0882
+2.859 -0.222 +0.000 -0.0882
+2.859 -0.222 +0.000 -0.0882
+2.859 -0.222 +0.000 -0.0882
+2.859 -0.222 +0.000 -0.0882
+2.859 -0.222 +0.000 -0.0882
+2.859 -0.222 +0.000 -0.0882
+2.859 -0.222 +0.000 -0.0882
+2.859 -0.222 +0.000 -0.0882
+2.859 -0.222 +0.000 -0.0882
+2.859 -0.222 +0.000 -0.0882
+2.859 -0.222 +0.000 -0.0882
+2.859 -0.222 +0.000 -0.0882
+2.859 -0.222 +0.000 -0.0882
+2.859 -0.222 +0.000 -0.0882
+2.859 -0.222 +0.000 -0.0882
+2.859 -0.222 +0.000 -0.0882
+2.859 -0.222 +0.000 -0.0882
+2.859 -0.222 +0.000 -0.0882
+2.859 -0.222 +0.000 -0.0882
+2.859 -0.222 +0.000 -0.0882
+2.859 -0.222 +0.000 -0.0882
+2.859 -0.222 +0.000 -0.0882
+2.859 -0.222 +0.000 -0.0882
+2.859 -0.222 +0.000 -0.0882
+2.859 -0.222 +0.000 -0.0882
+2.859 -0.222 +0.000 -0.0882
+2.859 -0.222 +0.000 -0.0882
+2.859 -0.222 +0.000 -0.0882
+2.859 -0.222 +0.000 -0.0882
+2.859 -0.222 +0.000 -0.0882
