-6.28319
6.99373e-18
-1.41978

-6.28319
7.59759e-18
-1.41978

-6.28319
7.01274e-18
-1.41978

-6.28319
8.28849e-18
-1.41978

-6.28319
8.14819e-18
-1.41977

-6.28319
7.32164e-18
-1.41977

-6.28319
8.449e-18
-1.41977

-6.28319
7.08389e-18
-1.41977

-6.28319
6.56502e-18
-1.41977

-6.28319
6.69293e-18
-1.41977

-6.28319
7.31116e-18
-1.41976

-6.28319
7.34013e-18
-1.41976

3.58979e-09
5.94498e-18
-1.41976

-6.28319
8.26219e-18
-1.41976

-6.28319
6.68904e-18
-1.41976

-6.28319
8.24695e-18
-1.41975

-6.28319
7.40653e-18
-1.41975

-6.28319
7.22054e-18
-1.41975

-6.28319
5.15128e-18
-1.41975

3.58979e-09
4.61371e-18
-1.41975

3.58979e-09
7.00295e-18
-1.41975

-6.28319
7.00796e-18
-1.41974

-6.28319
7.57212e-18
-1.41974

-6.28319
4.81701e-18
-1.41974

-6.28319
5.53278e-18
-1.41974

-6.28319
8.32317e-18
-1.41974

-6.28319
6.76479e-18
-1.41974

3.58979e-09
5.4041e-18
-1.41973

-6.28319
6.63414e-18
-1.41973

-6.28319
8.32701e-18
-1.41973

-6.28319
8.43535e-18
-1.41973

-6.28319
5.9613e-18
-1.41973

-6.28319
6.811e-18
-1.41973

3.58979e-09
6.75414e-18
-1.41973

-6.28319
6.25128e-18
-1.41972

-6.28319
5.93063e-18
-1.41972

-6.28319
7.88331e-18
-1.41971

-6.28319
6.17693e-18
-1.41971

-6.28319
7.10965e-18
-1.41971

-6.28319
8.14925e-18
-1.41971

-6.28319
5.90586e-18
-1.41971

-6.28319
7.019e-18
-1.41971

-6.28319
4.93732e-18
-1.41971

-6.28319
5.5509e-18
-1.4197

-6.28319
5.11027e-18
-1.4197

-6.28319
6.9958e-18
-1.4197

-6.28319
6.29881e-18
-1.4197

3.58979e-09
5.42876e-18
-1.41969

-6.28319
7.50657e-18
-1.41969

3.58979e-09
4.75026e-18
-1.41969

-6.28319
6.32721e-18
-1.41969

-6.28319
7.1622e-18
-1.41969

-6.28319
4.41982e-18
-1.41969

-6.28319
6.22036e-18
-1.41969

-6.28319
8.74816e-18
-1.41968

-6.28319
7.73595e-18
-1.41968

-6.28319
9.09287e-18
-1.41968

-6.28319
6.53987e-18
-1.41968

-6.28319
6.67765e-18
-1.41968

-6.28319
7.40364e-18
-1.41968

-6.28319
5.36839e-18
-1.41968

-6.28319
6.35911e-18
-1.41967

-6.28319
4.85913e-18
-1.41967

3.58979e-09
5.32404e-18
-1.41967

-6.28319
7.15887e-18
-1.41967

-6.28319
4.38135e-18
-1.41967

3.58979e-09
5.61438e-18
-1.41966

-6.28319
6.86863e-18
-1.41966

-6.28319
8.63778e-18
-1.41966

-6.28319
4.28585e-18
-1.41966

-6.28319
6.33067e-18
-1.41966

-6.28319
6.88247e-18
-1.41966

-6.28319
5.39851e-18
-1.41965

-6.28319
6.80442e-18
-1.41965

-6.28319
7.56443e-18
-1.41965

-6.28319
6.27225e-18
-1.41965

-6.28319
8.66539e-18
-1.41965

-6.28319
6.61772e-18
-1.41965

-6.28319
7.72135e-18
-1.41964

-6.28319
6.58097e-18
-1.41964

-6.28319
8.53385e-18
-1.41964

-6.28319
5.97879e-18
-1.41964

-6.28319
6.75956e-18
-1.41964

-6.28319
5.77719e-18
-1.41964

-6.28319
5.15521e-18
-1.41963

-6.28319
6.05972e-18
-1.41963

-6.28319
6.47692e-18
-1.41963

-6.28319
8.43981e-18
-1.41963

-6.28319
6.40067e-18
-1.41963

3.58979e-09
7.91759e-18
-1.41963

-6.28319
7.05092e-18
-1.41963

-6.28319
6.62006e-18
-1.41963

-6.28319
7.38355e-18
-1.41962

-6.28319
6.43249e-18
-1.41962

-6.28319
8.37072e-18
-1.41962

-6.28319
5.52488e-18
-1.41962

-6.28319
7.86532e-18
-1.41962

-6.28319
7.07753e-18
-1.41962

-6.28319
6.83973e-18
-1.41961

-6.28319
7.05774e-18
-1.41961

-6.28319
6.71144e-18
-1.41961

-6.28319
7.70396e-18
-1.41961

-6.28319
5.17665e-18
-1.41961

-6.28319
7.32274e-18
-1.41961

-6.28319
7.65753e-18
-1.41961

-6.28319
7.53095e-18
-1.4196

-6.28319
8.18772e-18
-1.4196

-6.28319
7.49033e-18
-1.4196

-6.28319
5.45184e-18
-1.4196

3.58979e-09
6.47728e-18
-1.4196

-6.28319
7.18801e-18
-1.41959

3.58979e-09
6.37851e-18
-1.41959

3.58979e-09
3.99263e-18
-1.41959

-6.28319
6.60371e-18
-1.41959

-6.28319
5.40047e-18
-1.41959

-6.28319
7.72606e-18
-1.41959

3.58979e-09
4.65592e-18
-1.41959

-6.28319
6.08657e-18
-1.41958

-6.28319
6.61401e-18
-1.41958

-6.28319
7.3706e-18
-1.41958

-6.28319
6.6503e-18
-1.41958

-6.28319
5.73369e-18
-1.41958

-6.28319
8.0938e-18
-1.41958

-6.28319
8.55172e-18
-1.41958

-6.28319
7.39476e-18
-1.41957

-6.28319
5.83829e-18
-1.41957

-6.28319
5.14334e-18
-1.41957

-6.28319
5.59921e-18
-1.41957

-6.28319
7.43006e-18
-1.41957

-6.28319
5.96789e-18
-1.41956

-6.28319
7.55337e-18
-1.41956

-6.28319
8.39e-18
-1.41956

-6.28319
6.82278e-18
-1.41956

-6.28319
5.96796e-18
-1.41956

-6.28319
7.75473e-18
-1.41956

-6.28319
7.25947e-18
-1.41956

-6.28319
5.01907e-18
-1.41955

-6.28319
3.82593e-18
-1.41955

-6.28319
4.67721e-18
-1.41955

-6.28319
7.33558e-18
-1.41955

-6.28319
6.68066e-18
-1.41955

-6.28319
5.07235e-18
-1.41955

3.58979e-09
4.56095e-18
-1.41955

-6.28319
7.19865e-18
-1.41954

-6.28319
6.40279e-18
-1.41954

-6.28319
7.17141e-18
-1.41954

-6.28319
6.81149e-18
-1.41954

-6.28319
7.14134e-18
-1.41954

-6.28319
5.18973e-18
-1.41953

-6.28319
6.46265e-18
-1.41953

-6.28319
5.92353e-18
-1.41953

-6.28319
7.48116e-18
-1.41953

3.58979e-09
4.07835e-18
-1.41953

-6.28319
7.30839e-18
-1.41953

-6.28319
5.87797e-18
-1.41953

-6.28319
5.09621e-18
-1.41953

3.58979e-09
7.48501e-18
-1.41952

-6.28319
5.95542e-18
-1.41952

-6.28319
7.17699e-18
-1.41952

-6.28319
6.25334e-18
-1.41952

-6.28319
7.56785e-18
-1.41952

-6.28319
9.2859e-18
-1.41951

-6.28319
6.03744e-18
-1.41951

-6.28319
8.00362e-18
-1.41951

-6.28319
6.08647e-18
-1.41951

-6.28319
5.78768e-18
-1.41951

-6.28319
7.96134e-18
-1.41951

-6.28319
6.74144e-18
-1.4195

-6.28319
5.5098e-18
-1.4195

3.58979e-09
5.83672e-18
-1.4195

-6.28319
6.28682e-18
-1.4195

-6.28319
6.96881e-18
-1.4195

-6.28319
6.81446e-18
-1.4195

3.58979e-09
4.36305e-18
-1.41949

-6.28319
5.79037e-18
-1.41949

3.58979e-09
5.85861e-18
-1.41949

3.58979e-09
5.48263e-18
-1.41949

-6.28319
5.94615e-18
-1.41949

-6.28319
8.36741e-18
-1.41948

-6.28319
6.26422e-18
-1.41948

-6.28319
6.41599e-18
-1.41948

-6.28319
6.48625e-18
-1.41948

-6.28319
7.82781e-18
-1.41948

-6.28319
6.49825e-18
-1.41948

-6.28319
7.51372e-18
-1.41948

-6.28319
6.71589e-18
-1.41947

-6.28319
7.45586e-18
-1.41947

-6.28319
7.22664e-18
-1.41947

-6.28319
5.27721e-18
-1.41947

3.58979e-09
3.8762e-18
-1.41947

-6.28319
6.25048e-18
-1.41947

-6.28319
3.97805e-18
-1.41947

-6.28319
6.69998e-18
-1.41946

3.58979e-09
5.96082e-18
-1.41946

3.58979e-09
7.83059e-18
-1.41946

-6.28319
6.40485e-18
-1.41946

3.58979e-09
6.02387e-18
-1.41946

-6.28319
5.96185e-18
-1.41946

-6.28319
8.55931e-18
-1.41945

-6.28319
5.96676e-18
-1.41945

3.58979e-09
4.03107e-18
-1.41945

-6.28319
6.74556e-18
-1.41945

-6.28319
6.16092e-18
-1.41944

-6.28319
8.47867e-18
-1.41944

-6.28319
7.3922e-18
-1.41944

-6.28319
7.38376e-18
-1.41944

-6.28319
5.82344e-18
-1.41944

-6.28319
6.43688e-18
-1.41944

-6.28319
3.66177e-18
-1.41944

-6.28319
8.02852e-18
-1.41944

-6.28319
5.39298e-18
-1.41943

-6.28319
6.71137e-18
-1.41943

-6.28319
7.8118e-18
-1.41943

-6.28319
8.71279e-18
-1.41942

-6.28319
6.92946e-18
-1.41942

-6.28319
7.57973e-18
-1.41942

3.58979e-09
5.15272e-18
-1.41942

-6.28319
7.93537e-18
-1.41942

-6.28319
7.33128e-18
-1.41941

-6.28319
7.1819e-18
-1.41941

-6.28319
7.77827e-18
-1.41941

-6.28319
4.53683e-18
-1.41941

3.58979e-09
6.21129e-18
-1.41941

-6.28319
4.72004e-18
-1.41941

-6.28319
6.88437e-18
-1.41941

-6.28319
8.91962e-18
-1.4194

-6.28319
6.24952e-18
-1.4194

-6.28319
6.14448e-18
-1.4194

3.58979e-09
4.60075e-18
-1.4194

-6.28319
8.89283e-18
-1.4194

-6.28319
7.44574e-18
-1.4194

-6.28319
7.23921e-18
-1.4194

-6.28319
7.14082e-18
-1.41939

3.58979e-09
7.23952e-18
-1.41939

3.58979e-09
6.46756e-18
-1.41939

-6.28319
7.06324e-18
-1.41939

-6.28319
6.19029e-18
-1.41939

-6.28319
4.12825e-18
-1.41939

3.58979e-09
5.20963e-18
-1.41938

-6.28319
7.24763e-18
-1.41938

-6.28319
4.94866e-18
-1.41938

-6.28319
5.36708e-18
-1.41938

-6.28319
7.73125e-18
-1.41938

-6.28319
8.14991e-18
-1.41937

-6.28319
8.09997e-18
-1.41937

-6.28319
6.52784e-18
-1.41937

-6.28319
8.58735e-18
-1.41937

-6.28319
7.69843e-18
-1.41937

-6.28319
6.72313e-18
-1.41937

-6.28319
6.51057e-18
-1.41937

-6.28319
4.99028e-18
-1.41937

-6.28319
4.89737e-18
-1.41936

-6.28319
5.80028e-18
-1.41936

-6.28319
5.05686e-18
-1.41936

-6.28319
8.70561e-18
-1.41936

-6.28319
6.5429e-18
-1.41935

-6.28319
6.75945e-18
-1.41935

-6.28319
6.42836e-18
-1.41935

-6.28319
6.58843e-18
-1.41935

-6.28319
4.66404e-18
-1.41935

-6.28319
7.65237e-18
-1.41935

-6.28319
9.15565e-18
-1.41935

-6.28319
8.79702e-18
-1.41934

-6.28319
5.75029e-18
-1.41934

-6.28319
6.03837e-18
-1.41934

-6.28319
6.50854e-18
-1.41934

-6.28319
7.24363e-18
-1.41934

-6.28319
5.49033e-18
-1.41933

-6.28319
6.09948e-18
-1.41933

-6.28319
7.266e-18
-1.41933

-6.28319
9.04134e-18
-1.41932

-6.28319
8.43317e-18
-1.41932

-6.28319
6.70157e-18
-1.41932

3.58979e-09
3.98387e-18
-1.41932

-6.28319
4.78712e-18
-1.41932

-6.28319
5.66324e-18
-1.41932

-6.28319
5.54414e-18
-1.41931

-6.28319
7.81508e-18
-1.41931

-6.28319
5.86467e-18
-1.41931

-6.28319
6.68979e-18
-1.41931

-6.28319
5.14133e-18
-1.41931

-6.28319
6.23039e-18
-1.41931

-6.28319
6.97945e-18
-1.4193

-6.28319
5.20141e-18
-1.4193

-6.28319
5.94607e-18
-1.4193

-6.28319
7.94484e-18
-1.4193

-6.28319
6.38345e-18
-1.4193

-6.28319
7.97663e-18
-1.41929

-6.28319
6.82411e-18
-1.41929

-6.28319
9.13843e-18
-1.41929

-6.28319
6.04375e-18
-1.41929

-6.28319
7.30518e-18
-1.41929

-6.28319
6.29379e-18
-1.41929

-6.28319
7.61186e-18
-1.41928

-6.28319
7.63546e-18
-1.41928

-6.28319
5.22744e-18
-1.41928

-6.28319
6.30912e-18
-1.41928

3.58979e-09
4.75236e-18
-1.41928

-6.28319
6.58772e-18
-1.41928

-6.28319
5.25375e-18
-1.41928

-6.28319
6.3919e-18
-1.41927

-6.28319
4.94727e-18
-1.41927

-6.28319
8.73315e-18
-1.41927

-6.28319
7.69536e-18
-1.41927

3.58979e-09
3.89136e-18
-1.41927

-6.28319
4.65074e-18
-1.41927

-6.28319
7.39834e-18
-1.41927

-6.28319
7.04463e-18
-1.41926

-6.28319
7.63493e-18
-1.41926

3.58979e-09
6.34552e-18
-1.41926

-6.28319
3.80663e-18
-1.41926

-6.28319
9.41274e-18
-1.41926

-6.28319
5.31623e-18
-1.41925

-6.28319
8.83082e-18
-1.41925

-6.28319
8.07535e-18
-1.41925

-6.28319
6.36561e-18
-1.41925

-6.28319
4.70274e-18
-1.41925

-6.28319
6.64273e-18
-1.41925

-6.28319
8.14724e-18
-1.41925

-6.28319
5.26492e-18
-1.41924

-6.28319
6.36226e-18
-1.41924

3.58979e-09
4.52266e-18
-1.41924

3.58979e-09
4.87173e-18
-1.41924

-6.28319
5.86026e-18
-1.41924

-6.28319
7.60427e-18
-1.41923

3.58979e-09
5.05416e-18
-1.41923

-6.28319
7.9454e-18
-1.41923

-6.28319
6.665e-18
-1.41923

-6.28319
8.14076e-18
-1.41923

-6.28319
7.7699e-18
-1.41923

-6.28319
7.12489e-18
-1.41923

-6.28319
5.23525e-18
-1.41923

-6.28319
7.62951e-18
-1.41922

-6.28319
8.58249e-18
-1.41922

-6.28319
6.49887e-18
-1.41922

-6.28319
7.32682e-18
-1.41922

-6.28319
7.25509e-18
-1.41922

-6.28319
4.94812e-18
-1.41922

-6.28319
7.17292e-18
-1.41922

-6.28319
5.49567e-18
-1.41921

-6.28319
7.18387e-18
-1.41921

-6.28319
5.41894e-18
-1.41921

-6.28319
8.48995e-18
-1.41921

-6.28319
5.93135e-18
-1.41921

3.58979e-09
5.34486e-18
-1.41921

3.58979e-09
4.02493e-18
-1.4192

-6.28319
5.05851e-18
-1.4192

-6.28319
5.01749e-18
-1.4192

-6.28319
8.63723e-18
-1.4192

-6.28319
6.74616e-18
-1.4192

-6.28319
5.99092e-18
-1.4192

-6.28319
4.47155e-18
-1.41919

-6.28319
8.5731e-18
-1.41919

-6.28319
5.4179e-18
-1.41919

3.58979e-09
5.53642e-18
-1.41919

-6.28319
7.62226e-18
-1.41919

-6.28319
6.33031e-18
-1.41919

-6.28319
3.98351e-18
-1.41918

-6.28319
7.75021e-18
-1.41918

3.58979e-09
6.21982e-18
-1.41918

-6.28319
6.86233e-18
-1.41918

-6.28319
8.61808e-18
-1.41918

-6.28319
7.51729e-18
-1.41918

-6.28319
7.47492e-18
-1.41918

-6.28319
6.37823e-18
-1.41917

-6.28319
5.57185e-18
-1.41917

3.58979e-09
7.14653e-18
-1.41916

-6.28319
5.0376e-18
-1.41916

-6.28319
3.59489e-18
-1.41916

-6.28319
5.03451e-18
-1.41916

-6.28319
4.60073e-18
-1.41916

-6.28319
8.18492e-18
-1.41916

-6.28319
6.32611e-18
-1.41916

-6.28319
5.61582e-18
-1.41916

-6.28319
9.04492e-18
-1.41916

-6.28319
7.14942e-18
-1.41915

-6.28319
7.88838e-18
-1.41915

-6.28319
8.27282e-18
-1.41915

-6.28319
6.13723e-18
-1.41915

-6.28319
6.74943e-18
-1.41914

-6.28319
5.58506e-18
-1.41914

-6.28319
8.59321e-18
-1.41914

-6.28319
8.6405e-18
-1.41914

-6.28319
8.05368e-18
-1.41914

3.58979e-09
5.54796e-18
-1.41914

-6.28319
8.00323e-18
-1.41914

-6.28319
7.70827e-18
-1.41913

-6.28319
6.51218e-18
-1.41913

-6.28319
6.98354e-18
-1.41913

-6.28319
6.91872e-18
-1.41913

-6.28319
7.59151e-18
-1.41913

-6.28319
7.30693e-18
-1.41913

-6.28319
6.76472e-18
-1.41913

-6.28319
6.64834e-18
-1.41912

-6.28319
5.42111e-18
-1.41912

-6.28319
8.32038e-18
-1.41912

-6.28319
4.67607e-18
-1.41912

-6.28319
5.35656e-18
-1.41912

3.58979e-09
4.85906e-18
-1.41912

-6.28319
4.9366e-18
-1.41911

-6.28319
6.84006e-18
-1.41911

3.58979e-09
7.20034e-18
-1.41911

-6.28319
6.71141e-18
-1.41911

-6.28319
8.23844e-18
-1.41911

-6.28319
7.76412e-18
-1.41911

-6.28319
6.90634e-18
-1.41911

-6.28319
4.38806e-18
-1.41911

-6.28319
6.85263e-18
-1.4191

-6.28319
5.6565e-18
-1.4191

-6.28319
4.36816e-18
-1.4191

-6.28319
5.90487e-18
-1.4191

-6.28319
8.14122e-18
-1.4191

-6.28319
7.31853e-18
-1.4191

-6.28319
6.56242e-18
-1.41909

-6.28319
5.84501e-18
-1.41909

-6.28319
6.66776e-18
-1.41909

-6.28319
6.84251e-18
-1.41909

-6.28319
6.84739e-18
-1.41909

-6.28319
6.78629e-18
-1.41909

-6.28319
6.4635e-18
-1.41909

-6.28319
8.55236e-18
-1.41909

-6.28319
6.96669e-18
-1.41909

-6.28319
6.04616e-18
-1.41908

-6.28319
5.96142e-18
-1.41908

-6.28319
7.35214e-18
-1.41908

-6.28319
6.69517e-18
-1.41908

3.58979e-09
4.92828e-18
-1.41908

-6.28319
6.13535e-18
-1.41908

-6.28319
5.02309e-18
-1.41907

-6.28319
7.6616e-18
-1.41907

-6.28319
8.33826e-18
-1.41907

-6.28319
6.01268e-18
-1.41907

-6.28319
5.18396e-18
-1.41907

-6.28319
6.39756e-18
-1.41907

-6.28319
9.29541e-18
-1.41907

3.58979e-09
6.05899e-18
-1.41907

-6.28319
7.89088e-18
-1.41907

-6.28319
6.77424e-18
-1.41906

-6.28319
6.71168e-18
-1.41906

-6.28319
7.10898e-18
-1.41906

-6.28319
5.512e-18
-1.41906

-6.28319
5.21329e-18
-1.41905

-6.28319
6.63059e-18
-1.41905

-6.28319
7.09435e-18
-1.41905

-6.28319
5.30438e-18
-1.41905

-6.28319
4.57227e-18
-1.41905

-6.28319
5.75051e-18
-1.41905

-6.28319
7.66284e-18
-1.41905

-6.28319
7.15746e-18
-1.41905

-6.28319
6.72232e-18
-1.41905

-6.28319
5.71508e-18
-1.41904

3.58979e-09
4.5422e-18
-1.41904

-6.28319
7.6394e-18
-1.41904

-6.28319
4.32824e-18
-1.41904

-6.28319
8.54192e-18
-1.41904

-6.28319
9.36971e-18
-1.41903

-6.28319
4.62502e-18
-1.41903

3.58979e-09
6.95871e-18
-1.41903

-6.28319
8.00584e-18
-1.41903

-6.28319
7.46547e-18
-1.41903

-6.28319
6.12694e-18
-1.41903

-6.28319
5.77529e-18
-1.41902

-6.28319
7.0786e-18
-1.41902

-6.28319
5.90024e-18
-1.41902

-6.28319
6.28786e-18
-1.41902

-6.28319
5.27594e-18
-1.41902

-6.28319
8.27329e-18
-1.41902

3.58979e-09
5.62766e-18
-1.41902

-6.28319
7.04075e-18
-1.41902

-6.28319
6.60817e-18
-1.41901

-6.28319
5.89677e-18
-1.41901

-6.28319
7.66803e-18
-1.41901

-6.28319
6.88355e-18
-1.41901

-6.28319
6.19327e-18
-1.41901

-6.28319
7.39255e-18
-1.419

-6.28319
7.34539e-18
-1.419

-6.28319
6.19779e-18
-1.419

-6.28319
6.72347e-18
-1.419

-6.28319
5.83404e-18
-1.419

-6.28319
6.0454e-18
-1.419

-6.28319
7.3704e-18
-1.419

-6.28319
6.2239e-18
-1.419

-6.28319
6.84655e-18
-1.41899

-6.28319
4.96873e-18
-1.41899

3.58979e-09
5.70208e-18
-1.41899

-6.28319
6.41872e-18
-1.41899

-6.28319
4.70792e-18
-1.41899

-6.28319
8.41522e-18
-1.41899

-6.28319
7.70447e-18
-1.41899

-6.28319
5.35524e-18
-1.41898

-6.28319
7.99781e-18
-1.41898

-6.28319
6.87286e-18
-1.41898

-6.28319
5.84706e-18
-1.41897

-6.28319
5.5429e-18
-1.41897

-6.28319
6.26959e-18
-1.41897

-6.28319
6.79883e-18
-1.41897

-6.28319
7.29051e-18
-1.41897

-6.28319
7.42034e-18
-1.41897

-6.28319
6.98514e-18
-1.41897

-6.28319
6.52991e-18
-1.41897

-6.28319
7.91618e-18
-1.41896

-6.28319
9.04872e-18
-1.41896

-6.28319
6.78644e-18
-1.41896

-6.28319
7.41367e-18
-1.41896

-6.28319
6.69459e-18
-1.41896

-6.28319
8.73338e-18
-1.41896

-6.28319
6.45201e-18
-1.41895

-6.28319
4.77133e-18
-1.41895

-6.28319
7.57985e-18
-1.41895

-6.28319
7.18239e-18
-1.41895

-6.28319
8.63418e-18
-1.41895

-6.28319
6.55335e-18
-1.41895

-6.28319
7.3382e-18
-1.41895

-6.28319
6.85388e-18
-1.41895

-6.28319
6.79598e-18
-1.41894

-6.28319
6.86141e-18
-1.41894

3.58979e-09
4.25885e-18
-1.41894

3.58979e-09
5.34178e-18
-1.41894

-6.28319
6.33574e-18
-1.41894

-6.28319
7.07283e-18
-1.41894

-6.28319
6.02715e-18
-1.41894

-6.28319
5.44548e-18
-1.41894

3.58979e-09
4.69982e-18
-1.41893

-6.28319
7.47848e-18
-1.41893

3.58979e-09
5.01083e-18
-1.41893

3.58979e-09
7.98308e-18
-1.41893

-6.28319
6.57875e-18
-1.41893

-6.28319
6.10999e-18
-1.41892

-6.28319
5.10328e-18
-1.41892

-6.28319
6.39726e-18
-1.41892

-6.28319
4.16735e-18
-1.41892

-6.28319
4.18986e-18
-1.41892

-6.28319
5.01418e-18
-1.41892

-6.28319
5.7875e-18
-1.41892

-6.28319
8.1684e-18
-1.41891

-6.28319
5.0212e-18
-1.41891

-6.28319
5.76306e-18
-1.41891

-6.28319
6.30404e-18
-1.41891

-6.28319
6.29485e-18
-1.41891

-6.28319
3.8615e-18
-1.41891

-6.28319
6.19767e-18
-1.4189

3.58979e-09
4.47438e-18
-1.4189

-6.28319
6.82279e-18
-1.4189

-6.28319
5.27501e-18
-1.4189

-6.28319
7.58954e-18
-1.4189

3.58979e-09
5.72908e-18
-1.41889

-6.28319
4.67461e-18
-1.41889

-6.28319
6.61697e-18
-1.41889

-6.28319
8.62578e-18
-1.41889

-6.28319
6.42048e-18
-1.41889

-6.28319
5.72658e-18
-1.41888

-6.28319
7.77257e-18
-1.41888

-6.28319
8.04205e-18
-1.41888

-6.28319
6.22748e-18
-1.41888

-6.28319
7.3314e-18
-1.41888

-6.28319
6.07495e-18
-1.41888

-6.28319
6.81437e-18
-1.41887

3.58979e-09
5.00517e-18
-1.41887

-6.28319
6.6056e-18
-1.41887

-6.28319
6.44136e-18
-1.41887

-6.28319
7.07257e-18
-1.41887

-6.28319
5.65884e-18
-1.41887

-6.28319
7.69956e-18
-1.41887

-6.28319
7.49412e-18
-1.41887

-6.28319
7.87e-18
-1.41887

3.58979e-09
6.63666e-18
-1.41886

-6.28319
5.73326e-18
-1.41886

-6.28319
6.01225e-18
-1.41886

-6.28319
8.38731e-18
-1.41886

-6.28319
7.89659e-18
-1.41886

3.58979e-09
5.82133e-18
-1.41885

-6.28319
6.48292e-18
-1.41885

-6.28319
6.51057e-18
-1.41885

-6.28319
6.16244e-18
-1.41885

-6.28319
9.08115e-18
-1.41885

-6.28319
7.25085e-18
-1.41885

-6.28319
5.60488e-18
-1.41884

-6.28319
5.87569e-18
-1.41884

-6.28319
5.62866e-18
-1.41884

-6.28319
4.54596e-18
-1.41884

-6.28319
6.66415e-18
-1.41884

-6.28319
7.87765e-18
-1.41884

-6.28319
5.47138e-18
-1.41884

-6.28319
3.62083e-18
-1.41884

-6.28319
7.25827e-18
-1.41884

-6.28319
7.11755e-18
-1.41883

-6.28319
4.89665e-18
-1.41883

3.58979e-09
6.57333e-18
-1.41883

-6.28319
7.64354e-18
-1.41883

-6.28319
8.18779e-18
-1.41883

-6.28319
5.85116e-18
-1.41883

-6.28319
8.27898e-18
-1.41883

-6.28319
3.0511e-10
-1.41866

-6.28319
3.17994e-10
-1.41827

-6.28319
2.26364e-10
-1.41763

-6.28319
2.63544e-10
-1.41675

-6.28319
4.7854e-10
-1.41564

-6.28319
1.53089e-10
-1.41085

-6.28319
2.95783e-10
-1.40878

-6.28319
2.89914e-10
-1.40646

-6.28319
4.74529e-10
-1.39129

-6.28319
3.69454e-10
-1.38754

-6.28319
3.23826e-10
-1.38354

-6.28319
3.40553e-10
-1.37484

-6.28319
5.10727e-10
-1.37013

-6.28319
5.61001e-10
-1.36517

-6.28319
5.91576e-10
-1.35998

-6.28319
6.6493e-10
-1.34888

-6.28319
-9.90607e-11
-1.33042

-6.28319
1.98159e-10
-1.32379

-6.28319
6.34396e-10
-1.31692

-6.28319
4.08716e-10
-1.29487

-6.28319
9.0339e-10
-1.28704

-6.28319
6.85349e-10
-1.27898

-6.28319
6.42246e-10
-1.27067

-6.28319
1.03104e-09
-1.26212

-6.28319
7.05056e-10
-1.2443

-6.28319
1.09547e-09
-1.23503

-6.28319
7.28182e-10
-1.22552

-6.28319
6.39928e-10
-1.21578

-6.28319
1.0649e-09
-1.20579

-6.28319
1.33527e-09
-1.19556

-6.28319
1.0416e-09
-1.17439

-6.28319
1.33721e-09
-1.16344

-6.28319
9.73e-10
-1.15226

-6.28319
1.16054e-09
-1.11726

-6.28319
1.0792e-09
-1.10511

-6.28319
5.25065e-10
-1.09273

-6.28319
-2.45893e-10
-1.0801

-6.28319
9.94104e-10
-1.06724

-6.28319
1.07035e-09
-1.04079

-6.28319
1.316e-09
-1.02721

-6.28319
5.5784e-10
-1.01338

-6.28319
6.70318e-10
-0.925405

-6.28319
5.46726e-10
-0.909903

-6.28319
3.30516e-10
-0.894161

-6.28319
5.49231e-10
-0.861958

-6.28319
1.11997e-09
-0.845497

-6.28319
-1.84055e-10
-0.828796

-6.28319
-6.77511e-10
-0.811855

-6.28319
-7.39299e-10
-0.794675

-6.28319
1.51327e-09
-0.759595

-6.28319
-7.62788e-10
-0.741695

-6.28319
-6.71451e-10
-0.723555

-6.28319
1.57514e-10
-0.6486

-6.28319
-3.81692e-10
-0.629261

-6.28319
2.67686e-11
-0.609683

-6.28319
-3.75345e-11
-0.569807

-6.28319
1.26501e-09
-0.54951

-6.28319
1.53368e-09
-0.528973

-6.28319
3.57828e-10
-0.508196

-6.28319
1.25202e-09
-0.465922

-6.28319
2.82894e-10
-0.444426

2.96988e-09
2.12816e-09
-0.42269

-6.28319
1.45989e-09
-0.400714

-6.28319
2.06156e-09
-0.287238

-6.28319
2.36986e-09
-0.263824

-6.28319
1.78909e-09
-0.24017

-6.28319
3.10408e-09
-0.167768

-6.28319
3.62193e-09
-0.143155

-6.28319
4.12486e-09
-0.118302

-6.28319
2.0115e-09
-0.0932091

-6.28319
3.67182e-09
-0.0678765

-6.28319
5.26817e-09
-0.016492

-6.28319
4.73618e-09
0.00955993

-6.28319
5.18578e-09
0.0358516

-6.28319
5.68154e-09
0.170907

-6.28319
3.26951e-09
0.198637

-6.28319
4.49963e-09
0.226607

-6.28319
5.07543e-09
0.311956

-6.28319
3.99183e-09
0.340885

-6.28319
2.40544e-09
0.370054

-6.28319
2.61103e-09
0.399462

-6.28319
3.43497e-09
0.458999

-6.28319
1.63983e-09
0.550102

-6.28319
1.2586e-09
0.58095

-6.28319
1.03993e-09
0.612037

-6.28319
2.58359e-09
0.67493

-6.28319
2.42501e-09
0.706737

-6.28319
3.2057e-09
0.738783

-6.28319
2.3428e-09
0.771069

-6.28319
1.97703e-09
0.803594

-6.28319
1.40392e-09
0.83636

-6.28319
2.39311e-10
0.869365

1.67542e-09
1.3822e-09
0.90261

-1.43716e-09
3.99094e-09
1.07243

2.34442e-09
2.74572e-09
1.10711

2.17397e-09
4.06776e-09
1.14204

-6.28319
2.48688e-09
1.28413

2.5541e-09
7.13297e-09
1.32025

-6.28319
6.63715e-09
1.35661

2.37667e-09
7.17452e-09
1.39322

-6.28319
8.91365e-09
1.43006

-6.28319
8.03334e-09
1.50446

-6.28319
7.62514e-09
1.54202

-6.28318
-1.66291e-08
1.56935

-6.28319
-9.25443e-11
1.56219

-6.28319
-3.35646e-11
1.561

-6.28319
-5.90522e-11
1.55934

-6.28319
-9.8052e-11
1.55887

-6.28319
-1.62235e-10
1.55864

-6.28319
-1.19525e-10
1.55865

-6.28319
-1.79723e-10
1.5589

-6.28319
-1.15856e-10
1.56229

-6.28319
-6.15022e-11
1.56374

-6.28319
-7.88554e-11
1.56543

-6.28319
-1.115e-10
1.56736

-6.28319
-3.02892e-09
1.57089

-6.28319
-4.2226e-10
1.57093

-6.28319
1.23019e-10
1.57101

-6.28319
-8.56221e-10
1.571

-6.28319
-1.37538e-10
1.571

-6.28319
-2.55818e-10
1.571

-6.28319
-7.88291e-10
1.571

-6.28319
-2.48924e-10
1.571

-6.28319
-2.4361e-10
1.571

-6.28319
-6.14552e-10
1.571

-6.28319
-3.67077e-10
1.571

-6.28319
-4.12648e-10
1.571

-6.28319
2.07783e-10
1.571

-6.28319
-5.52425e-11
1.571

-6.28319
-5.25537e-10
1.571

-6.28319
-5.65448e-11
1.571

-6.28319
-8.12306e-16
1.571

-6.28319
-8.74908e-17
1.571

-6.28319
-8.32074e-18
1.571

-6.28319
-7.98477e-20
1.571

-6.28319
3.81071e-19
1.571

3.58979e-09
1.5705e-19
1.571

3.58979e-09
3.73442e-19
1.571

-6.28319
5.5967e-19
1.571

-6.28319
4.80689e-20
1.571

-6.28319
5.64315e-19
1.571

3.58979e-09
-2.63213e-19
1.571

-6.28319
5.49866e-19
1.57099

3.58979e-09
3.33516e-19
1.57099

3.58979e-09
6.54587e-19
1.57099

3.58979e-09
6.27769e-19
1.57099

3.58979e-09
1.04527e-18
1.57099

3.58979e-09
1.97219e-19
1.57099

3.58979e-09
8.60401e-19
1.57099

-6.28319
7.8393e-19
1.57099

3.58979e-09
9.19615e-19
1.57099

-6.28319
3.98934e-19
1.57099

-6.28319
6.24091e-19
1.57099

-6.28319
5.72389e-19
1.57099

-6.28319
7.44014e-19
1.57099

3.58979e-09
5.48027e-19
1.57099

3.58979e-09
-1.48204e-19
1.57099

-6.28319
4.08423e-19
1.57099

-6.28319
-5.77923e-20
1.57099

3.58979e-09
8.54756e-19
1.57099

3.58979e-09
8.21173e-19
1.57099

3.58979e-09
7.04217e-19
1.57099

-6.28319
6.69933e-19
1.57099

-6.28319
8.8405e-19
1.57099

3.58979e-09
4.71677e-19
1.57099

-6.28319
4.34666e-19
1.57099

3.58979e-09
2.19624e-19
1.57099

-6.28319
3.89775e-19
1.57099

3.58979e-09
4.6291e-19
1.57099

-6.28319
1.02408e-18
1.57098

-6.28319
6.01801e-19
1.57098

-6.28319
6.24524e-19
1.57098

-6.28319
2.74152e-19
1.57098

-6.28319
6.87221e-19
1.57098

-6.28319
9.12322e-19
1.57098

3.58979e-09
6.71156e-19
1.57098

3.58979e-09
2.53363e-19
1.57098

-6.28319
-4.34793e-19
1.57098

3.58979e-09
3.06779e-19
1.57098

3.58979e-09
5.26506e-19
1.57098

-6.28319
9.97748e-19
1.57098

3.58979e-09
5.30636e-19
1.57098

3.58979e-09
2.9929e-19
1.57098

3.58979e-09
2.04021e-19
1.57098

-6.28319
5.78784e-19
1.57098

-6.28319
2.92679e-19
1.57098

-6.28319
5.70226e-19
1.57098

3.58979e-09
5.88237e-19
1.57098

3.58979e-09
4.85867e-19
1.57098

3.58979e-09
6.20168e-19
1.57098

3.58979e-09
3.70555e-19
1.57098

3.58979e-09
1.89361e-19
1.57098

3.58979e-09
5.74608e-19
1.57097

3.58979e-09
7.6704e-19
1.57097

3.58979e-09
6.69952e-19
1.57097

3.58979e-09
-1.91814e-19
1.57097

-6.28319
3.84905e-19
1.57097

3.58979e-09
6.06199e-19
1.57097

-6.28319
9.84316e-19
1.57097

-6.28319
4.05966e-19
1.57097

3.58979e-09
1.00785e-18
1.57097

3.58979e-09
4.2109e-19
1.57097

-6.28319
3.77051e-19
1.57097

-6.28319
4.18554e-19
1.57097

-6.28319
2.22601e-19
1.57097

3.58979e-09
7.8299e-19
1.57097

-6.28319
5.2574e-19
1.57097

3.58979e-09
3.65278e-19
1.57097

-6.28319
4.03206e-19
1.57097

3.58979e-09
5.66932e-19
1.57097

3.58979e-09
6.43045e-19
1.57097

3.58979e-09
7.0693e-19
1.57097

-6.28319
-5.53491e-20
1.57097

-6.28319
1.03596e-18
1.57097

-6.28319
3.0209e-19
1.57097

-6.28319
6.48231e-19
1.57097

-6.28319
2.96973e-19
1.57096

3.58979e-09
1.52767e-19
1.57096

-6.28319
5.21665e-19
1.57096

3.58979e-09
6.2032e-19
1.57096

-6.28319
-1.81313e-19
1.57096

3.58979e-09
6.55162e-19
1.57096

3.58979e-09
8.78224e-19
1.57096

3.58979e-09
9.28925e-19
1.57096

3.58979e-09
6.37578e-19
1.57096

3.58979e-09
9.6812e-19
1.57096

3.58979e-09
1.02884e-18
1.57096

3.58979e-09
3.76514e-19
1.57096

3.58979e-09
8.1053e-19
1.57096

3.58979e-09
6.47627e-19
1.57096

3.58979e-09
2.18035e-19
1.57096

-6.28319
1.42684e-19
1.57096

-6.28319
4.06009e-19
1.57096

3.58979e-09
-1.68498e-19
1.57096

-6.28319
6.3231e-19
1.57096

-6.28319
1.37376e-19
1.57096

-6.28319
7.29514e-19
1.57096

-6.28319
6.50322e-19
1.57096

3.58979e-09
5.54649e-19
1.57096

-6.28319
3.62062e-20
1.57096

3.58979e-09
9.77674e-19
1.57095

3.58979e-09
5.86276e-19
1.57095

3.58979e-09
4.21684e-19
1.57095

3.58979e-09
7.70687e-19
1.57095

3.58979e-09
5.29185e-19
1.57095

3.58979e-09
2.57359e-19
1.57095

3.58979e-09
1.05919e-18
1.57095

-6.28319
5.7129e-19
1.57095

-6.28319
3.54432e-19
1.57095

-6.28319
-1.34952e-19
1.57095

3.58979e-09
4.69168e-19
1.57095

3.58979e-09
7.10159e-19
1.57095

3.58979e-09
7.18542e-19
1.57095

3.58979e-09
5.76842e-19
1.57095

3.58979e-09
2.2888e-19
1.57095

-6.28319
7.98351e-19
1.57095

3.58979e-09
7.79221e-19
1.57095

3.58979e-09
7.01968e-19
1.57095

3.58979e-09
3.92304e-19
1.57095

-6.28319
9.73342e-19
1.57095

3.58979e-09
5.42036e-19
1.57095

3.58979e-09
2.72957e-19
1.57095

-6.28319
1.25679e-18
1.57095

-6.28319
6.52011e-19
1.57095

3.58979e-09
5.84159e-19
1.57094

-6.28319
-8.24478e-20
1.57094

-6.28319
3.11719e-19
1.57094

3.58979e-09
7.24615e-20
1.57094

3.58979e-09
1.21883e-18
1.57094

3.58979e-09
6.52829e-19
1.57094

-6.28319
6.22516e-19
1.57094

